2020/07/27-12:22:30.105614 70000f86a000 RocksDB version: 6.4.6
2020/07/27-12:22:30.105706 70000f86a000 Git sha rocksdb_build_git_sha:e3169e3ea8762d2f34880742106858a23c8dc8b7
2020/07/27-12:22:30.105709 70000f86a000 Compile date Nov 24 2019
2020/07/27-12:22:30.105712 70000f86a000 DB SUMMARY
2020/07/27-12:22:30.106098 70000f86a000 CURRENT file:  CURRENT
2020/07/27-12:22:30.106102 70000f86a000 IDENTITY file:  IDENTITY
2020/07/27-12:22:30.106130 70000f86a000 MANIFEST file:  MANIFEST-000028 size: 677 Bytes
2020/07/27-12:22:30.106132 70000f86a000 SST files in /Users/wilson/COMP6452/Consortium/Consortium-Network/Node-1/./data/database dir, Total Num: 2, files: 000029.sst 000030.sst 
2020/07/27-12:22:30.106133 70000f86a000 Write Ahead Log file in /Users/wilson/COMP6452/Consortium/Consortium-Network/Node-1/./data/database: 000003.log size: 282326 ; 000031.log size: 6612185 ; 
2020/07/27-12:22:30.106135 70000f86a000                         Options.error_if_exists: 0
2020/07/27-12:22:30.106140 70000f86a000                       Options.create_if_missing: 1
2020/07/27-12:22:30.106141 70000f86a000                         Options.paranoid_checks: 1
2020/07/27-12:22:30.106142 70000f86a000                                     Options.env: 0x1324840d0
2020/07/27-12:22:30.106143 70000f86a000                                Options.info_log: 0x7fe818a9ef90
2020/07/27-12:22:30.106144 70000f86a000                Options.max_file_opening_threads: 16
2020/07/27-12:22:30.106145 70000f86a000                              Options.statistics: 0x7fe811f0b330
2020/07/27-12:22:30.106146 70000f86a000                               Options.use_fsync: 0
2020/07/27-12:22:30.106148 70000f86a000                       Options.max_log_file_size: 0
2020/07/27-12:22:30.106149 70000f86a000                  Options.max_manifest_file_size: 1073741824
2020/07/27-12:22:30.106150 70000f86a000                   Options.log_file_time_to_roll: 0
2020/07/27-12:22:30.106151 70000f86a000                       Options.keep_log_file_num: 1000
2020/07/27-12:22:30.106152 70000f86a000                    Options.recycle_log_file_num: 0
2020/07/27-12:22:30.106152 70000f86a000                         Options.allow_fallocate: 1
2020/07/27-12:22:30.106153 70000f86a000                        Options.allow_mmap_reads: 0
2020/07/27-12:22:30.106154 70000f86a000                       Options.allow_mmap_writes: 0
2020/07/27-12:22:30.106155 70000f86a000                        Options.use_direct_reads: 0
2020/07/27-12:22:30.106156 70000f86a000                        Options.use_direct_io_for_flush_and_compaction: 0
2020/07/27-12:22:30.106157 70000f86a000          Options.create_missing_column_families: 1
2020/07/27-12:22:30.106157 70000f86a000                              Options.db_log_dir: 
2020/07/27-12:22:30.106158 70000f86a000                                 Options.wal_dir: /Users/wilson/COMP6452/Consortium/Consortium-Network/Node-1/./data/database
2020/07/27-12:22:30.106159 70000f86a000                Options.table_cache_numshardbits: 6
2020/07/27-12:22:30.106160 70000f86a000                      Options.max_subcompactions: 1
2020/07/27-12:22:30.106161 70000f86a000                  Options.max_background_flushes: -1
2020/07/27-12:22:30.106162 70000f86a000                         Options.WAL_ttl_seconds: 0
2020/07/27-12:22:30.106163 70000f86a000                       Options.WAL_size_limit_MB: 0
2020/07/27-12:22:30.106164 70000f86a000             Options.manifest_preallocation_size: 4194304
2020/07/27-12:22:30.106165 70000f86a000                     Options.is_fd_close_on_exec: 1
2020/07/27-12:22:30.106165 70000f86a000                   Options.advise_random_on_open: 1
2020/07/27-12:22:30.106166 70000f86a000                    Options.db_write_buffer_size: 0
2020/07/27-12:22:30.106167 70000f86a000                    Options.write_buffer_manager: 0x7fe818a9f000
2020/07/27-12:22:30.106168 70000f86a000         Options.access_hint_on_compaction_start: 1
2020/07/27-12:22:30.106169 70000f86a000  Options.new_table_reader_for_compaction_inputs: 0
2020/07/27-12:22:30.106170 70000f86a000           Options.random_access_max_buffer_size: 1048576
2020/07/27-12:22:30.106170 70000f86a000                      Options.use_adaptive_mutex: 0
2020/07/27-12:22:30.106206 70000f86a000                            Options.rate_limiter: 0x0
2020/07/27-12:22:30.106208 70000f86a000     Options.sst_file_manager.rate_bytes_per_sec: 0
2020/07/27-12:22:30.106209 70000f86a000                       Options.wal_recovery_mode: 2
2020/07/27-12:22:30.106210 70000f86a000                  Options.enable_thread_tracking: 0
2020/07/27-12:22:30.106211 70000f86a000                  Options.enable_pipelined_write: 0
2020/07/27-12:22:30.106212 70000f86a000                  Options.unordered_write: 0
2020/07/27-12:22:30.106213 70000f86a000         Options.allow_concurrent_memtable_write: 1
2020/07/27-12:22:30.106213 70000f86a000      Options.enable_write_thread_adaptive_yield: 1
2020/07/27-12:22:30.106214 70000f86a000             Options.write_thread_max_yield_usec: 100
2020/07/27-12:22:30.106215 70000f86a000            Options.write_thread_slow_yield_usec: 3
2020/07/27-12:22:30.106216 70000f86a000                               Options.row_cache: None
2020/07/27-12:22:30.106217 70000f86a000                              Options.wal_filter: None
2020/07/27-12:22:30.106218 70000f86a000             Options.avoid_flush_during_recovery: 0
2020/07/27-12:22:30.106219 70000f86a000             Options.allow_ingest_behind: 0
2020/07/27-12:22:30.106220 70000f86a000             Options.preserve_deletes: 0
2020/07/27-12:22:30.106221 70000f86a000             Options.two_write_queues: 0
2020/07/27-12:22:30.106221 70000f86a000             Options.manual_wal_flush: 0
2020/07/27-12:22:30.106222 70000f86a000             Options.atomic_flush: 0
2020/07/27-12:22:30.106223 70000f86a000             Options.avoid_unnecessary_blocking_io: 0
2020/07/27-12:22:30.106224 70000f86a000                 Options.persist_stats_to_disk: 0
2020/07/27-12:22:30.106225 70000f86a000                 Options.log_readahead_size: 0
2020/07/27-12:22:30.106226 70000f86a000             Options.max_background_jobs: 2
2020/07/27-12:22:30.106227 70000f86a000             Options.max_background_compactions: 4
2020/07/27-12:22:30.106228 70000f86a000             Options.avoid_flush_during_shutdown: 0
2020/07/27-12:22:30.106228 70000f86a000           Options.writable_file_max_buffer_size: 1048576
2020/07/27-12:22:30.106229 70000f86a000             Options.delayed_write_rate : 16777216
2020/07/27-12:22:30.106230 70000f86a000             Options.max_total_wal_size: 0
2020/07/27-12:22:30.106231 70000f86a000             Options.delete_obsolete_files_period_micros: 21600000000
2020/07/27-12:22:30.106232 70000f86a000                   Options.stats_dump_period_sec: 600
2020/07/27-12:22:30.106233 70000f86a000                 Options.stats_persist_period_sec: 600
2020/07/27-12:22:30.106234 70000f86a000                 Options.stats_history_buffer_size: 1048576
2020/07/27-12:22:30.106235 70000f86a000                          Options.max_open_files: 1024
2020/07/27-12:22:30.106236 70000f86a000                          Options.bytes_per_sync: 0
2020/07/27-12:22:30.106236 70000f86a000                      Options.wal_bytes_per_sync: 0
2020/07/27-12:22:30.106237 70000f86a000                   Options.strict_bytes_per_sync: 0
2020/07/27-12:22:30.106238 70000f86a000       Options.compaction_readahead_size: 0
2020/07/27-12:22:30.106239 70000f86a000 Compression algorithms supported:
2020/07/27-12:22:30.106243 70000f86a000 	kZSTD supported: 1
2020/07/27-12:22:30.106244 70000f86a000 	kZlibCompression supported: 1
2020/07/27-12:22:30.106245 70000f86a000 	kXpressCompression supported: 0
2020/07/27-12:22:30.106246 70000f86a000 	kSnappyCompression supported: 1
2020/07/27-12:22:30.106246 70000f86a000 	kZSTDNotFinalCompression supported: 1
2020/07/27-12:22:30.106247 70000f86a000 	kLZ4HCCompression supported: 1
2020/07/27-12:22:30.106248 70000f86a000 	kLZ4Compression supported: 1
2020/07/27-12:22:30.106249 70000f86a000 	kBZip2Compression supported: 1
2020/07/27-12:22:30.106256 70000f86a000 Fast CRC32 supported: Not supported on x86
2020/07/27-12:22:30.107065 70000f86a000 [rsion_set.cc:4252] Recovering from manifest file: /Users/wilson/COMP6452/Consortium/Consortium-Network/Node-1/./data/database/MANIFEST-000028
2020/07/27-12:22:30.107400 70000f86a000 [lumn_family.cc:481] --------------- Options for column family [default]:
2020/07/27-12:22:30.107405 70000f86a000               Options.comparator: leveldb.BytewiseComparator
2020/07/27-12:22:30.107407 70000f86a000           Options.merge_operator: None
2020/07/27-12:22:30.107408 70000f86a000        Options.compaction_filter: None
2020/07/27-12:22:30.107409 70000f86a000        Options.compaction_filter_factory: None
2020/07/27-12:22:30.107410 70000f86a000         Options.memtable_factory: SkipListFactory
2020/07/27-12:22:30.107411 70000f86a000            Options.table_factory: BlockBasedTable
2020/07/27-12:22:30.107429 70000f86a000            table_factory options:   flush_block_policy_factory: FlushBlockBySizePolicyFactory (0x7fe81aa7aad0)
  cache_index_and_filter_blocks: 0
  cache_index_and_filter_blocks_with_high_priority: 0
  pin_l0_filter_and_index_blocks_in_cache: 0
  pin_top_level_index_and_filter: 1
  index_type: 0
  data_block_index_type: 0
  index_shortening: 1
  data_block_hash_table_util_ratio: 0.750000
  hash_index_allow_collision: 1
  checksum: 1
  no_block_cache: 0
  block_cache: 0x7fe81aa7a238
  block_cache_name: LRUCache
  block_cache_options:
    capacity : 8388608
    num_shard_bits : 4
    strict_capacity_limit : 0
    memory_allocator : None
    high_pri_pool_ratio: 0.000
  block_cache_compressed: 0x0
  persistent_cache: 0x0
  block_size: 4096
  block_size_deviation: 10
  block_restart_interval: 16
  index_block_restart_interval: 1
  metadata_block_size: 4096
  partition_filters: 0
  use_delta_encoding: 1
  filter_policy: nullptr
  whole_key_filtering: 1
  verify_compression: 1
  read_amp_bytes_per_bit: 0
  format_version: 2
  enable_index_compression: 1
  block_align: 0
2020/07/27-12:22:30.107434 70000f86a000        Options.write_buffer_size: 67108864
2020/07/27-12:22:30.107435 70000f86a000  Options.max_write_buffer_number: 2
2020/07/27-12:22:30.107436 70000f86a000          Options.compression: Snappy
2020/07/27-12:22:30.107437 70000f86a000                  Options.bottommost_compression: Disabled
2020/07/27-12:22:30.107438 70000f86a000       Options.prefix_extractor: nullptr
2020/07/27-12:22:30.107439 70000f86a000   Options.memtable_insert_with_hint_prefix_extractor: nullptr
2020/07/27-12:22:30.107440 70000f86a000             Options.num_levels: 7
2020/07/27-12:22:30.107441 70000f86a000        Options.min_write_buffer_number_to_merge: 1
2020/07/27-12:22:30.107441 70000f86a000     Options.max_write_buffer_number_to_maintain: 2
2020/07/27-12:22:30.107442 70000f86a000            Options.bottommost_compression_opts.window_bits: -14
2020/07/27-12:22:30.107443 70000f86a000                  Options.bottommost_compression_opts.level: 32767
2020/07/27-12:22:30.107447 70000f86a000               Options.bottommost_compression_opts.strategy: 0
2020/07/27-12:22:30.107448 70000f86a000         Options.bottommost_compression_opts.max_dict_bytes: 0
2020/07/27-12:22:30.107448 70000f86a000         Options.bottommost_compression_opts.zstd_max_train_bytes: 0
2020/07/27-12:22:30.107449 70000f86a000                  Options.bottommost_compression_opts.enabled: false
2020/07/27-12:22:30.107450 70000f86a000            Options.compression_opts.window_bits: -14
2020/07/27-12:22:30.107451 70000f86a000                  Options.compression_opts.level: 32767
2020/07/27-12:22:30.107452 70000f86a000               Options.compression_opts.strategy: 0
2020/07/27-12:22:30.107453 70000f86a000         Options.compression_opts.max_dict_bytes: 0
2020/07/27-12:22:30.107454 70000f86a000         Options.compression_opts.zstd_max_train_bytes: 0
2020/07/27-12:22:30.107455 70000f86a000                  Options.compression_opts.enabled: false
2020/07/27-12:22:30.107456 70000f86a000      Options.level0_file_num_compaction_trigger: 4
2020/07/27-12:22:30.107456 70000f86a000          Options.level0_slowdown_writes_trigger: 20
2020/07/27-12:22:30.107457 70000f86a000              Options.level0_stop_writes_trigger: 36
2020/07/27-12:22:30.107486 70000f86a000                   Options.target_file_size_base: 67108864
2020/07/27-12:22:30.107488 70000f86a000             Options.target_file_size_multiplier: 1
2020/07/27-12:22:30.107489 70000f86a000                Options.max_bytes_for_level_base: 268435456
2020/07/27-12:22:30.107490 70000f86a000                      Options.snap_refresh_nanos: 0
2020/07/27-12:22:30.107491 70000f86a000 Options.level_compaction_dynamic_level_bytes: 0
2020/07/27-12:22:30.107492 70000f86a000          Options.max_bytes_for_level_multiplier: 10.000000
2020/07/27-12:22:30.107493 70000f86a000 Options.max_bytes_for_level_multiplier_addtl[0]: 1
2020/07/27-12:22:30.107494 70000f86a000 Options.max_bytes_for_level_multiplier_addtl[1]: 1
2020/07/27-12:22:30.107495 70000f86a000 Options.max_bytes_for_level_multiplier_addtl[2]: 1
2020/07/27-12:22:30.107496 70000f86a000 Options.max_bytes_for_level_multiplier_addtl[3]: 1
2020/07/27-12:22:30.107497 70000f86a000 Options.max_bytes_for_level_multiplier_addtl[4]: 1
2020/07/27-12:22:30.107497 70000f86a000 Options.max_bytes_for_level_multiplier_addtl[5]: 1
2020/07/27-12:22:30.107498 70000f86a000 Options.max_bytes_for_level_multiplier_addtl[6]: 1
2020/07/27-12:22:30.107499 70000f86a000       Options.max_sequential_skip_in_iterations: 8
2020/07/27-12:22:30.107500 70000f86a000                    Options.max_compaction_bytes: 1677721600
2020/07/27-12:22:30.107501 70000f86a000                        Options.arena_block_size: 8388608
2020/07/27-12:22:30.107502 70000f86a000   Options.soft_pending_compaction_bytes_limit: 68719476736
2020/07/27-12:22:30.107503 70000f86a000   Options.hard_pending_compaction_bytes_limit: 274877906944
2020/07/27-12:22:30.107504 70000f86a000       Options.rate_limit_delay_max_milliseconds: 100
2020/07/27-12:22:30.107505 70000f86a000                Options.disable_auto_compactions: 1
2020/07/27-12:22:30.107506 70000f86a000                        Options.compaction_style: kCompactionStyleLevel
2020/07/27-12:22:30.107507 70000f86a000                          Options.compaction_pri: kMinOverlappingRatio
2020/07/27-12:22:30.107508 70000f86a000 Options.compaction_options_universal.size_ratio: 1
2020/07/27-12:22:30.107509 70000f86a000 Options.compaction_options_universal.min_merge_width: 2
2020/07/27-12:22:30.107510 70000f86a000 Options.compaction_options_universal.max_merge_width: 4294967295
2020/07/27-12:22:30.107511 70000f86a000 Options.compaction_options_universal.max_size_amplification_percent: 200
2020/07/27-12:22:30.107512 70000f86a000 Options.compaction_options_universal.compression_size_percent: -1
2020/07/27-12:22:30.107513 70000f86a000 Options.compaction_options_universal.stop_style: kCompactionStopStyleTotalSize
2020/07/27-12:22:30.107514 70000f86a000 Options.compaction_options_fifo.max_table_files_size: 1073741824
2020/07/27-12:22:30.107515 70000f86a000 Options.compaction_options_fifo.allow_compaction: 0
2020/07/27-12:22:30.107515 70000f86a000                   Options.table_properties_collectors: 
2020/07/27-12:22:30.107516 70000f86a000                   Options.inplace_update_support: 0
2020/07/27-12:22:30.107517 70000f86a000                 Options.inplace_update_num_locks: 10000
2020/07/27-12:22:30.107520 70000f86a000               Options.memtable_prefix_bloom_size_ratio: 0.000000
2020/07/27-12:22:30.107521 70000f86a000               Options.memtable_whole_key_filtering: 0
2020/07/27-12:22:30.107522 70000f86a000   Options.memtable_huge_page_size: 0
2020/07/27-12:22:30.107523 70000f86a000                           Options.bloom_locality: 0
2020/07/27-12:22:30.107524 70000f86a000                    Options.max_successive_merges: 0
2020/07/27-12:22:30.107525 70000f86a000                Options.optimize_filters_for_hits: 0
2020/07/27-12:22:30.107526 70000f86a000                Options.paranoid_file_checks: 0
2020/07/27-12:22:30.107527 70000f86a000                Options.force_consistency_checks: 0
2020/07/27-12:22:30.107527 70000f86a000                Options.report_bg_io_stats: 0
2020/07/27-12:22:30.107528 70000f86a000                               Options.ttl: 0
2020/07/27-12:22:30.107543 70000f86a000          Options.periodic_compaction_seconds: 0
2020/07/27-12:22:30.107610 70000f86a000 [lumn_family.cc:481] --------------- Options for column family []:
2020/07/27-12:22:30.107612 70000f86a000               Options.comparator: leveldb.BytewiseComparator
2020/07/27-12:22:30.107613 70000f86a000           Options.merge_operator: None
2020/07/27-12:22:30.107613 70000f86a000        Options.compaction_filter: None
2020/07/27-12:22:30.107614 70000f86a000        Options.compaction_filter_factory: None
2020/07/27-12:22:30.107615 70000f86a000         Options.memtable_factory: SkipListFactory
2020/07/27-12:22:30.107616 70000f86a000            Options.table_factory: BlockBasedTable
2020/07/27-12:22:30.107627 70000f86a000            table_factory options:   flush_block_policy_factory: FlushBlockBySizePolicyFactory (0x7fe81aa750e0)
  cache_index_and_filter_blocks: 0
  cache_index_and_filter_blocks_with_high_priority: 1
  pin_l0_filter_and_index_blocks_in_cache: 0
  pin_top_level_index_and_filter: 1
  index_type: 0
  data_block_index_type: 0
  index_shortening: 1
  data_block_hash_table_util_ratio: 0.750000
  hash_index_allow_collision: 1
  checksum: 1
  no_block_cache: 0
  block_cache: 0x7fe81aa755f8
  block_cache_name: LRUCache
  block_cache_options:
    capacity : 8388608
    num_shard_bits : 4
    strict_capacity_limit : 0
    memory_allocator : None
    high_pri_pool_ratio: 0.000
  block_cache_compressed: 0x0
  persistent_cache: 0x0
  block_size: 4096
  block_size_deviation: 10
  block_restart_interval: 16
  index_block_restart_interval: 1
  metadata_block_size: 4096
  partition_filters: 0
  use_delta_encoding: 1
  filter_policy: nullptr
  whole_key_filtering: 1
  verify_compression: 0
  read_amp_bytes_per_bit: 0
  format_version: 2
  enable_index_compression: 1
  block_align: 0
2020/07/27-12:22:30.107630 70000f86a000        Options.write_buffer_size: 67108864
2020/07/27-12:22:30.107631 70000f86a000  Options.max_write_buffer_number: 2
2020/07/27-12:22:30.107632 70000f86a000          Options.compression: Snappy
2020/07/27-12:22:30.107632 70000f86a000                  Options.bottommost_compression: Disabled
2020/07/27-12:22:30.107633 70000f86a000       Options.prefix_extractor: nullptr
2020/07/27-12:22:30.107634 70000f86a000   Options.memtable_insert_with_hint_prefix_extractor: nullptr
2020/07/27-12:22:30.107635 70000f86a000             Options.num_levels: 7
2020/07/27-12:22:30.107636 70000f86a000        Options.min_write_buffer_number_to_merge: 1
2020/07/27-12:22:30.107637 70000f86a000     Options.max_write_buffer_number_to_maintain: 2
2020/07/27-12:22:30.107638 70000f86a000            Options.bottommost_compression_opts.window_bits: -14
2020/07/27-12:22:30.107639 70000f86a000                  Options.bottommost_compression_opts.level: 32767
2020/07/27-12:22:30.107640 70000f86a000               Options.bottommost_compression_opts.strategy: 0
2020/07/27-12:22:30.107640 70000f86a000         Options.bottommost_compression_opts.max_dict_bytes: 0
2020/07/27-12:22:30.107641 70000f86a000         Options.bottommost_compression_opts.zstd_max_train_bytes: 0
2020/07/27-12:22:30.107642 70000f86a000                  Options.bottommost_compression_opts.enabled: false
2020/07/27-12:22:30.107643 70000f86a000            Options.compression_opts.window_bits: -14
2020/07/27-12:22:30.107644 70000f86a000                  Options.compression_opts.level: 32767
2020/07/27-12:22:30.107645 70000f86a000               Options.compression_opts.strategy: 0
2020/07/27-12:22:30.107646 70000f86a000         Options.compression_opts.max_dict_bytes: 0
2020/07/27-12:22:30.107646 70000f86a000         Options.compression_opts.zstd_max_train_bytes: 0
2020/07/27-12:22:30.107647 70000f86a000                  Options.compression_opts.enabled: false
2020/07/27-12:22:30.107648 70000f86a000      Options.level0_file_num_compaction_trigger: 4
2020/07/27-12:22:30.107649 70000f86a000          Options.level0_slowdown_writes_trigger: 20
2020/07/27-12:22:30.107650 70000f86a000              Options.level0_stop_writes_trigger: 36
2020/07/27-12:22:30.107667 70000f86a000                   Options.target_file_size_base: 67108864
2020/07/27-12:22:30.107668 70000f86a000             Options.target_file_size_multiplier: 1
2020/07/27-12:22:30.107669 70000f86a000                Options.max_bytes_for_level_base: 268435456
2020/07/27-12:22:30.107670 70000f86a000                      Options.snap_refresh_nanos: 0
2020/07/27-12:22:30.107671 70000f86a000 Options.level_compaction_dynamic_level_bytes: 0
2020/07/27-12:22:30.107672 70000f86a000          Options.max_bytes_for_level_multiplier: 10.000000
2020/07/27-12:22:30.107673 70000f86a000 Options.max_bytes_for_level_multiplier_addtl[0]: 1
2020/07/27-12:22:30.107674 70000f86a000 Options.max_bytes_for_level_multiplier_addtl[1]: 1
2020/07/27-12:22:30.107675 70000f86a000 Options.max_bytes_for_level_multiplier_addtl[2]: 1
2020/07/27-12:22:30.107676 70000f86a000 Options.max_bytes_for_level_multiplier_addtl[3]: 1
2020/07/27-12:22:30.107677 70000f86a000 Options.max_bytes_for_level_multiplier_addtl[4]: 1
2020/07/27-12:22:30.107678 70000f86a000 Options.max_bytes_for_level_multiplier_addtl[5]: 1
2020/07/27-12:22:30.107678 70000f86a000 Options.max_bytes_for_level_multiplier_addtl[6]: 1
2020/07/27-12:22:30.107679 70000f86a000       Options.max_sequential_skip_in_iterations: 8
2020/07/27-12:22:30.107680 70000f86a000                    Options.max_compaction_bytes: 1677721600
2020/07/27-12:22:30.107681 70000f86a000                        Options.arena_block_size: 8388608
2020/07/27-12:22:30.107682 70000f86a000   Options.soft_pending_compaction_bytes_limit: 68719476736
2020/07/27-12:22:30.107683 70000f86a000   Options.hard_pending_compaction_bytes_limit: 274877906944
2020/07/27-12:22:30.107684 70000f86a000       Options.rate_limit_delay_max_milliseconds: 100
2020/07/27-12:22:30.107685 70000f86a000                Options.disable_auto_compactions: 1
2020/07/27-12:22:30.107686 70000f86a000                        Options.compaction_style: kCompactionStyleLevel
2020/07/27-12:22:30.107687 70000f86a000                          Options.compaction_pri: kMinOverlappingRatio
2020/07/27-12:22:30.107688 70000f86a000 Options.compaction_options_universal.size_ratio: 1
2020/07/27-12:22:30.107689 70000f86a000 Options.compaction_options_universal.min_merge_width: 2
2020/07/27-12:22:30.107689 70000f86a000 Options.compaction_options_universal.max_merge_width: 4294967295
2020/07/27-12:22:30.107690 70000f86a000 Options.compaction_options_universal.max_size_amplification_percent: 200
2020/07/27-12:22:30.107691 70000f86a000 Options.compaction_options_universal.compression_size_percent: -1
2020/07/27-12:22:30.107692 70000f86a000 Options.compaction_options_universal.stop_style: kCompactionStopStyleTotalSize
2020/07/27-12:22:30.107693 70000f86a000 Options.compaction_options_fifo.max_table_files_size: 1073741824
2020/07/27-12:22:30.107694 70000f86a000 Options.compaction_options_fifo.allow_compaction: 0
2020/07/27-12:22:30.107695 70000f86a000                   Options.table_properties_collectors: 
2020/07/27-12:22:30.107696 70000f86a000                   Options.inplace_update_support: 0
2020/07/27-12:22:30.107697 70000f86a000                 Options.inplace_update_num_locks: 10000
2020/07/27-12:22:30.107697 70000f86a000               Options.memtable_prefix_bloom_size_ratio: 0.000000
2020/07/27-12:22:30.107698 70000f86a000               Options.memtable_whole_key_filtering: 0
2020/07/27-12:22:30.107699 70000f86a000   Options.memtable_huge_page_size: 0
2020/07/27-12:22:30.107700 70000f86a000                           Options.bloom_locality: 0
2020/07/27-12:22:30.107701 70000f86a000                    Options.max_successive_merges: 0
2020/07/27-12:22:30.107702 70000f86a000                Options.optimize_filters_for_hits: 0
2020/07/27-12:22:30.107703 70000f86a000                Options.paranoid_file_checks: 0
2020/07/27-12:22:30.107704 70000f86a000                Options.force_consistency_checks: 0
2020/07/27-12:22:30.107704 70000f86a000                Options.report_bg_io_stats: 0
2020/07/27-12:22:30.107705 70000f86a000                               Options.ttl: 0
2020/07/27-12:22:30.107719 70000f86a000          Options.periodic_compaction_seconds: 0
2020/07/27-12:22:30.107747 70000f86a000 [lumn_family.cc:481] --------------- Options for column family []:
2020/07/27-12:22:30.107748 70000f86a000               Options.comparator: leveldb.BytewiseComparator
2020/07/27-12:22:30.107749 70000f86a000           Options.merge_operator: None
2020/07/27-12:22:30.107750 70000f86a000        Options.compaction_filter: None
2020/07/27-12:22:30.107751 70000f86a000        Options.compaction_filter_factory: None
2020/07/27-12:22:30.107751 70000f86a000         Options.memtable_factory: SkipListFactory
2020/07/27-12:22:30.107752 70000f86a000            Options.table_factory: BlockBasedTable
2020/07/27-12:22:30.107763 70000f86a000            table_factory options:   flush_block_policy_factory: FlushBlockBySizePolicyFactory (0x7fe81aa75e60)
  cache_index_and_filter_blocks: 0
  cache_index_and_filter_blocks_with_high_priority: 1
  pin_l0_filter_and_index_blocks_in_cache: 0
  pin_top_level_index_and_filter: 1
  index_type: 0
  data_block_index_type: 0
  index_shortening: 1
  data_block_hash_table_util_ratio: 0.750000
  hash_index_allow_collision: 1
  checksum: 1
  no_block_cache: 0
  block_cache: 0x7fe81aa76378
  block_cache_name: LRUCache
  block_cache_options:
    capacity : 8388608
    num_shard_bits : 4
    strict_capacity_limit : 0
    memory_allocator : None
    high_pri_pool_ratio: 0.000
  block_cache_compressed: 0x0
  persistent_cache: 0x0
  block_size: 4096
  block_size_deviation: 10
  block_restart_interval: 16
  index_block_restart_interval: 1
  metadata_block_size: 4096
  partition_filters: 0
  use_delta_encoding: 1
  filter_policy: nullptr
  whole_key_filtering: 1
  verify_compression: 0
  read_amp_bytes_per_bit: 0
  format_version: 2
  enable_index_compression: 1
  block_align: 0
2020/07/27-12:22:30.107765 70000f86a000        Options.write_buffer_size: 67108864
2020/07/27-12:22:30.107766 70000f86a000  Options.max_write_buffer_number: 2
2020/07/27-12:22:30.107767 70000f86a000          Options.compression: Snappy
2020/07/27-12:22:30.107768 70000f86a000                  Options.bottommost_compression: Disabled
2020/07/27-12:22:30.107768 70000f86a000       Options.prefix_extractor: nullptr
2020/07/27-12:22:30.107769 70000f86a000   Options.memtable_insert_with_hint_prefix_extractor: nullptr
2020/07/27-12:22:30.107770 70000f86a000             Options.num_levels: 7
2020/07/27-12:22:30.107771 70000f86a000        Options.min_write_buffer_number_to_merge: 1
2020/07/27-12:22:30.107772 70000f86a000     Options.max_write_buffer_number_to_maintain: 2
2020/07/27-12:22:30.107773 70000f86a000            Options.bottommost_compression_opts.window_bits: -14
2020/07/27-12:22:30.107774 70000f86a000                  Options.bottommost_compression_opts.level: 32767
2020/07/27-12:22:30.107774 70000f86a000               Options.bottommost_compression_opts.strategy: 0
2020/07/27-12:22:30.107775 70000f86a000         Options.bottommost_compression_opts.max_dict_bytes: 0
2020/07/27-12:22:30.107776 70000f86a000         Options.bottommost_compression_opts.zstd_max_train_bytes: 0
2020/07/27-12:22:30.107777 70000f86a000                  Options.bottommost_compression_opts.enabled: false
2020/07/27-12:22:30.107778 70000f86a000            Options.compression_opts.window_bits: -14
2020/07/27-12:22:30.107779 70000f86a000                  Options.compression_opts.level: 32767
2020/07/27-12:22:30.107780 70000f86a000               Options.compression_opts.strategy: 0
2020/07/27-12:22:30.107781 70000f86a000         Options.compression_opts.max_dict_bytes: 0
2020/07/27-12:22:30.107781 70000f86a000         Options.compression_opts.zstd_max_train_bytes: 0
2020/07/27-12:22:30.107782 70000f86a000                  Options.compression_opts.enabled: false
2020/07/27-12:22:30.107783 70000f86a000      Options.level0_file_num_compaction_trigger: 4
2020/07/27-12:22:30.107784 70000f86a000          Options.level0_slowdown_writes_trigger: 20
2020/07/27-12:22:30.107785 70000f86a000              Options.level0_stop_writes_trigger: 36
2020/07/27-12:22:30.107800 70000f86a000                   Options.target_file_size_base: 67108864
2020/07/27-12:22:30.107801 70000f86a000             Options.target_file_size_multiplier: 1
2020/07/27-12:22:30.107802 70000f86a000                Options.max_bytes_for_level_base: 268435456
2020/07/27-12:22:30.107803 70000f86a000                      Options.snap_refresh_nanos: 0
2020/07/27-12:22:30.107803 70000f86a000 Options.level_compaction_dynamic_level_bytes: 0
2020/07/27-12:22:30.107804 70000f86a000          Options.max_bytes_for_level_multiplier: 10.000000
2020/07/27-12:22:30.107805 70000f86a000 Options.max_bytes_for_level_multiplier_addtl[0]: 1
2020/07/27-12:22:30.107806 70000f86a000 Options.max_bytes_for_level_multiplier_addtl[1]: 1
2020/07/27-12:22:30.107807 70000f86a000 Options.max_bytes_for_level_multiplier_addtl[2]: 1
2020/07/27-12:22:30.107808 70000f86a000 Options.max_bytes_for_level_multiplier_addtl[3]: 1
2020/07/27-12:22:30.107809 70000f86a000 Options.max_bytes_for_level_multiplier_addtl[4]: 1
2020/07/27-12:22:30.107810 70000f86a000 Options.max_bytes_for_level_multiplier_addtl[5]: 1
2020/07/27-12:22:30.107811 70000f86a000 Options.max_bytes_for_level_multiplier_addtl[6]: 1
2020/07/27-12:22:30.107811 70000f86a000       Options.max_sequential_skip_in_iterations: 8
2020/07/27-12:22:30.107812 70000f86a000                    Options.max_compaction_bytes: 1677721600
2020/07/27-12:22:30.107813 70000f86a000                        Options.arena_block_size: 8388608
2020/07/27-12:22:30.107814 70000f86a000   Options.soft_pending_compaction_bytes_limit: 68719476736
2020/07/27-12:22:30.107815 70000f86a000   Options.hard_pending_compaction_bytes_limit: 274877906944
2020/07/27-12:22:30.107816 70000f86a000       Options.rate_limit_delay_max_milliseconds: 100
2020/07/27-12:22:30.107817 70000f86a000                Options.disable_auto_compactions: 1
2020/07/27-12:22:30.107818 70000f86a000                        Options.compaction_style: kCompactionStyleLevel
2020/07/27-12:22:30.107819 70000f86a000                          Options.compaction_pri: kMinOverlappingRatio
2020/07/27-12:22:30.107820 70000f86a000 Options.compaction_options_universal.size_ratio: 1
2020/07/27-12:22:30.107821 70000f86a000 Options.compaction_options_universal.min_merge_width: 2
2020/07/27-12:22:30.107821 70000f86a000 Options.compaction_options_universal.max_merge_width: 4294967295
2020/07/27-12:22:30.107822 70000f86a000 Options.compaction_options_universal.max_size_amplification_percent: 200
2020/07/27-12:22:30.107823 70000f86a000 Options.compaction_options_universal.compression_size_percent: -1
2020/07/27-12:22:30.107824 70000f86a000 Options.compaction_options_universal.stop_style: kCompactionStopStyleTotalSize
2020/07/27-12:22:30.107825 70000f86a000 Options.compaction_options_fifo.max_table_files_size: 1073741824
2020/07/27-12:22:30.107826 70000f86a000 Options.compaction_options_fifo.allow_compaction: 0
2020/07/27-12:22:30.107827 70000f86a000                   Options.table_properties_collectors: 
2020/07/27-12:22:30.107828 70000f86a000                   Options.inplace_update_support: 0
2020/07/27-12:22:30.107829 70000f86a000                 Options.inplace_update_num_locks: 10000
2020/07/27-12:22:30.107829 70000f86a000               Options.memtable_prefix_bloom_size_ratio: 0.000000
2020/07/27-12:22:30.107830 70000f86a000               Options.memtable_whole_key_filtering: 0
2020/07/27-12:22:30.107831 70000f86a000   Options.memtable_huge_page_size: 0
2020/07/27-12:22:30.107832 70000f86a000                           Options.bloom_locality: 0
2020/07/27-12:22:30.107833 70000f86a000                    Options.max_successive_merges: 0
2020/07/27-12:22:30.107834 70000f86a000                Options.optimize_filters_for_hits: 0
2020/07/27-12:22:30.107835 70000f86a000                Options.paranoid_file_checks: 0
2020/07/27-12:22:30.107835 70000f86a000                Options.force_consistency_checks: 0
2020/07/27-12:22:30.107836 70000f86a000                Options.report_bg_io_stats: 0
2020/07/27-12:22:30.107837 70000f86a000                               Options.ttl: 0
2020/07/27-12:22:30.107850 70000f86a000          Options.periodic_compaction_seconds: 0
2020/07/27-12:22:30.107874 70000f86a000 [lumn_family.cc:481] --------------- Options for column family []:
2020/07/27-12:22:30.107876 70000f86a000               Options.comparator: leveldb.BytewiseComparator
2020/07/27-12:22:30.107876 70000f86a000           Options.merge_operator: None
2020/07/27-12:22:30.107877 70000f86a000        Options.compaction_filter: None
2020/07/27-12:22:30.107878 70000f86a000        Options.compaction_filter_factory: None
2020/07/27-12:22:30.107879 70000f86a000         Options.memtable_factory: SkipListFactory
2020/07/27-12:22:30.107880 70000f86a000            Options.table_factory: BlockBasedTable
2020/07/27-12:22:30.107891 70000f86a000            table_factory options:   flush_block_policy_factory: FlushBlockBySizePolicyFactory (0x7fe81aa77020)
  cache_index_and_filter_blocks: 0
  cache_index_and_filter_blocks_with_high_priority: 1
  pin_l0_filter_and_index_blocks_in_cache: 0
  pin_top_level_index_and_filter: 1
  index_type: 0
  data_block_index_type: 0
  index_shortening: 1
  data_block_hash_table_util_ratio: 0.750000
  hash_index_allow_collision: 1
  checksum: 1
  no_block_cache: 0
  block_cache: 0x7fe81aa77068
  block_cache_name: LRUCache
  block_cache_options:
    capacity : 8388608
    num_shard_bits : 4
    strict_capacity_limit : 0
    memory_allocator : None
    high_pri_pool_ratio: 0.000
  block_cache_compressed: 0x0
  persistent_cache: 0x0
  block_size: 4096
  block_size_deviation: 10
  block_restart_interval: 16
  index_block_restart_interval: 1
  metadata_block_size: 4096
  partition_filters: 0
  use_delta_encoding: 1
  filter_policy: nullptr
  whole_key_filtering: 1
  verify_compression: 0
  read_amp_bytes_per_bit: 0
  format_version: 2
  enable_index_compression: 1
  block_align: 0
2020/07/27-12:22:30.107893 70000f86a000        Options.write_buffer_size: 67108864
2020/07/27-12:22:30.107894 70000f86a000  Options.max_write_buffer_number: 2
2020/07/27-12:22:30.107895 70000f86a000          Options.compression: Snappy
2020/07/27-12:22:30.107895 70000f86a000                  Options.bottommost_compression: Disabled
2020/07/27-12:22:30.107896 70000f86a000       Options.prefix_extractor: nullptr
2020/07/27-12:22:30.107897 70000f86a000   Options.memtable_insert_with_hint_prefix_extractor: nullptr
2020/07/27-12:22:30.107898 70000f86a000             Options.num_levels: 7
2020/07/27-12:22:30.107899 70000f86a000        Options.min_write_buffer_number_to_merge: 1
2020/07/27-12:22:30.107900 70000f86a000     Options.max_write_buffer_number_to_maintain: 2
2020/07/27-12:22:30.107901 70000f86a000            Options.bottommost_compression_opts.window_bits: -14
2020/07/27-12:22:30.107902 70000f86a000                  Options.bottommost_compression_opts.level: 32767
2020/07/27-12:22:30.107902 70000f86a000               Options.bottommost_compression_opts.strategy: 0
2020/07/27-12:22:30.107903 70000f86a000         Options.bottommost_compression_opts.max_dict_bytes: 0
2020/07/27-12:22:30.107904 70000f86a000         Options.bottommost_compression_opts.zstd_max_train_bytes: 0
2020/07/27-12:22:30.107905 70000f86a000                  Options.bottommost_compression_opts.enabled: false
2020/07/27-12:22:30.107906 70000f86a000            Options.compression_opts.window_bits: -14
2020/07/27-12:22:30.107907 70000f86a000                  Options.compression_opts.level: 32767
2020/07/27-12:22:30.107908 70000f86a000               Options.compression_opts.strategy: 0
2020/07/27-12:22:30.107909 70000f86a000         Options.compression_opts.max_dict_bytes: 0
2020/07/27-12:22:30.107909 70000f86a000         Options.compression_opts.zstd_max_train_bytes: 0
2020/07/27-12:22:30.107910 70000f86a000                  Options.compression_opts.enabled: false
2020/07/27-12:22:30.107911 70000f86a000      Options.level0_file_num_compaction_trigger: 4
2020/07/27-12:22:30.107912 70000f86a000          Options.level0_slowdown_writes_trigger: 20
2020/07/27-12:22:30.107913 70000f86a000              Options.level0_stop_writes_trigger: 36
2020/07/27-12:22:30.107928 70000f86a000                   Options.target_file_size_base: 67108864
2020/07/27-12:22:30.107929 70000f86a000             Options.target_file_size_multiplier: 1
2020/07/27-12:22:30.107930 70000f86a000                Options.max_bytes_for_level_base: 268435456
2020/07/27-12:22:30.107931 70000f86a000                      Options.snap_refresh_nanos: 0
2020/07/27-12:22:30.107932 70000f86a000 Options.level_compaction_dynamic_level_bytes: 0
2020/07/27-12:22:30.107933 70000f86a000          Options.max_bytes_for_level_multiplier: 10.000000
2020/07/27-12:22:30.107934 70000f86a000 Options.max_bytes_for_level_multiplier_addtl[0]: 1
2020/07/27-12:22:30.107934 70000f86a000 Options.max_bytes_for_level_multiplier_addtl[1]: 1
2020/07/27-12:22:30.107935 70000f86a000 Options.max_bytes_for_level_multiplier_addtl[2]: 1
2020/07/27-12:22:30.107936 70000f86a000 Options.max_bytes_for_level_multiplier_addtl[3]: 1
2020/07/27-12:22:30.107937 70000f86a000 Options.max_bytes_for_level_multiplier_addtl[4]: 1
2020/07/27-12:22:30.107938 70000f86a000 Options.max_bytes_for_level_multiplier_addtl[5]: 1
2020/07/27-12:22:30.107939 70000f86a000 Options.max_bytes_for_level_multiplier_addtl[6]: 1
2020/07/27-12:22:30.107940 70000f86a000       Options.max_sequential_skip_in_iterations: 8
2020/07/27-12:22:30.107941 70000f86a000                    Options.max_compaction_bytes: 1677721600
2020/07/27-12:22:30.107941 70000f86a000                        Options.arena_block_size: 8388608
2020/07/27-12:22:30.107942 70000f86a000   Options.soft_pending_compaction_bytes_limit: 68719476736
2020/07/27-12:22:30.107943 70000f86a000   Options.hard_pending_compaction_bytes_limit: 274877906944
2020/07/27-12:22:30.107944 70000f86a000       Options.rate_limit_delay_max_milliseconds: 100
2020/07/27-12:22:30.107945 70000f86a000                Options.disable_auto_compactions: 1
2020/07/27-12:22:30.107946 70000f86a000                        Options.compaction_style: kCompactionStyleLevel
2020/07/27-12:22:30.107947 70000f86a000                          Options.compaction_pri: kMinOverlappingRatio
2020/07/27-12:22:30.107948 70000f86a000 Options.compaction_options_universal.size_ratio: 1
2020/07/27-12:22:30.107949 70000f86a000 Options.compaction_options_universal.min_merge_width: 2
2020/07/27-12:22:30.107950 70000f86a000 Options.compaction_options_universal.max_merge_width: 4294967295
2020/07/27-12:22:30.107951 70000f86a000 Options.compaction_options_universal.max_size_amplification_percent: 200
2020/07/27-12:22:30.107951 70000f86a000 Options.compaction_options_universal.compression_size_percent: -1
2020/07/27-12:22:30.107953 70000f86a000 Options.compaction_options_universal.stop_style: kCompactionStopStyleTotalSize
2020/07/27-12:22:30.107953 70000f86a000 Options.compaction_options_fifo.max_table_files_size: 1073741824
2020/07/27-12:22:30.107954 70000f86a000 Options.compaction_options_fifo.allow_compaction: 0
2020/07/27-12:22:30.107955 70000f86a000                   Options.table_properties_collectors: 
